DontStopForCombat
342.75 177.57 -392.20
332.74 177.55 -394.23
318.61 177.71 -398.19
314.69 177.71 -399.37
310.01 177.71 -403.81
304.87 177.71 -410.11
299.72 177.71 -414.88
292.01 177.67 -421.22
285.32 177.13 -426.72
Wait
20
295.02 177.74 -435.74
284.20 177.13 -428.55
295.02 177.74 -435.74
300.90 177.74 -440.56
307.43 177.74 -444.42
314.22 177.74 -439.22
327.24 177.74 -428.46
329.34 177.74 -426.23
333.08 177.74 -421.49
335.41 177.74 -416.62
DontStopForCombat
337.40 177.76 -411.66
Wait
50
331.03 177.74 -418.89
322.34 177.74 -431.51
311.33 178.06 -446.63
Wait
20
311.33 178.06 -446.63
Custom
ClickActor "gate_switch"
311.33 178.06 -446.63
Wait
20
311.33 178.06 -446.63
303.14 177.74 -452.85
296.80 177.76 -457.66
280.65 177.69 -482.80
276.70 177.75 -488.94
271.66 177.03 -499.11
270.55 176.82 -510.86
Wait
50
270.55 176.82 -510.86
280.79 177.32 -494.45
288.72 177.76 -480.80
300.69 177.76 -459.13
313.82 177.74 -435.36
325.63 177.74 -422.35
Wait
20
325.63 177.74 -422.35
317.15 177.71 -408.04
314.95 177.71 -404.34
314.93 177.71 -386.93
314.85 177.71 -367.48
314.43 178.44 -356.20
313.90 179.08 -347.90
StopForCombat
Named
Argh
StandardNamed
SameLock
KillAdd
MoveBehind
Named  
313.90 179.08 -347.90
315.12 177.56 -370.37
316.30 177.71 -397.81
Wait
20
316.64 177.71 -408.10
305.26 177.71 -412.80
288.14 177.30 -421.08
272.98 179.17 -434.75
271.63 179.57 -436.15
Wait
20
271.63 179.57 -436.15
Custom
LockAndClickActor -Actor "lift_switch" -ClickUntilIMove -AllGroupWithinRange 3 150 -WaitAfter 2
271.63 179.57 -436.15
Wait
150
271.63 179.57 -436.15
285.17 177.13 -426.66
Wait
20
285.17 177.13 -426.66
269.19 179.48 -433.22
Wait
50
269.19 179.48 -433.22
Custom
LockAndClickActor -Actor "lift_switch" -ClickUntilIMove -AllGroupWithinRange 3 150 -WaitAfter 2
269.19 179.48 -433.22
Wait
200
269.19 179.48 -433.22
219.35 241.61 -424.81
Wait
20
219.35 241.61 -424.81
219.23 238.06 -390.33
218.62 235.71 -377.65
218.51 236.41 -345.95
Wait
20
218.51 236.41 -345.95
179.78 231.44 -343.04
143.37 230.72 -343.01
Wait
20
143.37 230.72 -343.01
135.12 227.14 -362.81
131.01 218.82 -386.61
129.23 213.75 -404.26
126.63 211.43 -422.57
122.23 211.66 -443.59
Wait
20
122.23 211.66 -443.59
Named
Igarn
StandardNamed
SameLock
KillAdd
MoveBehind
Named 
122.23 211.66 -443.59
93.38 211.17 -446.26
69.62 211.46 -452.55
Wait
20
69.62 211.46 -452.55
56.37 211.89 -472.44
48.23 212.37 -484.68
53.70 211.30 -506.23
59.58 211.20 -523.72
Named
Zeraxyl
StandardNamed
SameLock
KillAdd
MoveBehind
Named  
59.58 211.20 -523.72
55.18 211.79 -530.67
Wait
50
55.18 211.79 -530.67
Custom
LockAndClickActor -Actor "server_mount_dino_flyer_01" -RelayToGroup -ClickUntilIMove -AllGroupWithinRange 3 150 -WaitAfter 2
55.18 211.79 -530.67
-332.43 331.15 -741.18
Wait
50
-332.43 331.15 -741.18
-337.12 331.22 -711.02
Wait
20
-337.72 330.96 -755.03
-352.97 333.58 -766.28
-372.11 335.79 -763.96
-374.73 334.32 -744.33
-382.52 332.94 -720.73
Custom
ClickActor Erudite Tome
-380.29 332.93 -721.15
-432.09 332.33 -739.61
Custom
ClickActor Erudite Tome
-432.09 332.33 -739.61
-428.36 336.21 -747.70
-428.59 332.12 -803.49
Custom
ClickActor Erudite Tome
-428.59 332.12 -803.49
-409.00 332.59 -851.02
Custom
ClickActor Erudite Scroll
-409.00 332.59 -851.02
-369.51 332.23 -845.19
-381.65 332.25 -833.79
-375.36 332.51 -804.85
-408.43 332.35 -831.74
Named
Tajara
StandardNamed
SameLock
KillAdd
MoveBehind
Named  
-487.71 329.85 -713.06
-466.14 331.26 -716.14
-440.76 331.91 -719.64
-406.26 332.74 -720.65
-407.53 332.73 -740.33
-414.31 332.55 -761.63
-417.36 332.30 -781.24
-417.04 332.15 -810.06
Wait
50
-417.04 332.15 -810.06
Named
Tajara
StandardNamed
SameLock
KillAdd
MoveBehind
Named 
-417.04 332.15 -810.06
Wait
50
-417.04 332.15 -810.06
-414.64 332.17 -790.61
-414.57 332.43 -772.85
-414.72 332.61 -753.56
-413.75 332.63 -741.07
-410.76 332.66 -720.50
-400.75 332.65 -697.63
-386.59 331.74 -676.84
-370.35 329.45 -653.58
Wait
50
-370.35 329.45 -653.58
Custom
LockAndClickActor -Actor "server_mount_dino_flyer_03" -RelayToGroup -ClickUntilIMove -AllGroupWithinRange 3 150 -WaitAfter 2
-370.35 329.45 -653.58
Wait
50
-58.47 176.80 -351.56
-53.48 177.55 -353.19
-35.30 180.79 -362.79
Wait
20
-35.30 180.79 -362.79
-31.73 180.79 -385.86
-26.29 180.71 -394.51
-20.49 180.87 -401.09
-11.23 182.43 -411.33
-26.88 182.43 -422.61
Wait
150
-26.88 182.43 -422.61
Named
Harmok
StandardNamed
SameLock
KillAdd
MoveBehind
Named  
-26.88 182.43 -422.61
