-286.80 116.38 95.36
-234.74 116.82 141.75
-239.70 141.11 241.76
-241.28 146.52 275.66
-227.44 145.76 278.61
-195.99 141.87 249.36
Named
Gahilga
StandardNamed
SameLock
KillAdd
MoveBehind
Named
-195.99 141.87 249.36
-167.90 140.10 244.17
-181.84 141.16 249.70
-226.38 142.07 247.49
-300.20 151.77 243.83
-341.05 166.32 270.20
-375.38 170.11 296.74
-414.55 172.12 277.23
-467.84 166.99 232.28
-505.62 166.22 200.42
-541.28 166.98 190.64
Named
Atreyes
StandardNamed
SameLock
KillAdd
MoveBehind
Named
-541.28 166.98 190.64
-570.52 168.07 189.86
Custom
ClickActor server_mount_ulteran_hound_01
-570.52 168.07 189.86
Wait
50
-493.93 166.79 225.75
-127.05 157.85 132.21
-136.88 158.01 95.42
-136.04 157.57 9.63
-133.90 157.69 -23.76
Named
Blackgut
StandardNamed
SameLock
KillAdd
MoveBehind
Named
-142.58 167.61 24.59
-130.84 158.16 -60.86
-130.43 157.56 -85.12
-76.00 154.64 -136.25
-59.62 154.51 -150.90
-17.32 148.53 -153.34
36.64 143.64 -164.31
78.82 147.01 -163.62
118.12 147.67 -149.05
126.10 146.35 -124.53
148.69 141.08 -103.98
167.87 131.11 -43.70
Wait
20
167.87 131.11 -43.70
Named
Blackgut
StandardNamed
SameLock
KillAdd
MoveBehind
Named
167.87 131.11 -43.70
Custom
HailActor "a summoned headbanger" 
167.87 131.11 -43.70
154.69 129.91 -3.51
163.82 133.84 26.96
158.08 135.01 69.89
110.28 131.01 136.27
74.43 129.79 149.54
61.81 129.79 157.42
3.10 116.60 119.40
-35.36 97.95 67.18
-16.44 93.23 13.72
-11.00 93.29 5.18
Wait
100
-11.00 93.29 5.18
Named
Lord
StandardNamed
SameLock
KillAdd
MoveBehind
Named
-11.00 93.29 5.18
0.66 93.11 -2.70
7.97 92.58 -8.19
-21.66 93.69 5.62
-21.66 93.69 5.62
